0.063242465	0.062992822	0.110515396	-0.005799167 0.000923327 0.066202249 -0.003261239 -0.011635824	-0.007264356 0.144098687 0.001145145
0.062992822	0.234395202	0.374162381	0.001939052	-0.006484068 0.122634231 0.000976657 -0.027008146 -0.027210809	0.326336311	0.00298057
0.110515396	0.374162381	1.662483868	0.002562294	-0.030532538 0.366634328 -0.003809873 -0.031619506	-0.056322215 1.046245897 0.005809149
-0.005799167 0.001939052 0.002562294 0.083994356 0.031856801 -0.014460046 0.042978413 0.054006569 0.03921149 -0.004425012 -0.0000696495
0.000923327	-0.006484068 -0.030532538 0.031856801 0.052450425 -0.00778237 0.04289279 0.035268586 0.04568957	-0.031553973 0.000021685
0.066202249	0.122634231	0.366634328	-0.014460046 -0.00778237 0.158188236 -0.004684216 -0.017910782 -0.017471951 0.237621493	-0.000440002
-0.003261239 0.000976657 -0.003809873 0.042978413 0.04289279 -0.004684216 0.100828891 0.042614422 0.069573895 -0.026396569 0.0000537895
-0.011635824 -0.027008146 -0.031619506 0.054006569 0.035268586 -0.017910782 0.042614422	0.127130295	0.070609647	-0.037340741 -0.000243736
-0.007264356 -0.027210809 -0.056322215 0.03921149 0.04568957 -0.017471951 0.069573895 0.070609647 0.094572463 -0.047854791 -0.000356166
0.144098687	0.326336311	1.046245897	-0.004425012 -0.031553973 0.237621493 -0.026396569 -0.037340741 -0.047854791 1.077500092 0.01059149
0.001145145	0.00298057	0.005809149	-0.0000696495 0.000021685 -0.000440002 0.0000537895 -0.000243736 -0.000356166 0.01059149 0.000330141
